Sequential:

Sequential timing: 9444.94
Sequential timing: 9444.4
Sequential timing: 9455.74
Sequential timing: 9464.74
Sequential timing: 9458.7

Worst:

6495.72 -> [ 6495.72, 6494.4, ] 
6489.38 -> [ 6489.38, 6489.24, ] 
6486.42 -> [ 6486.42, 6406.78, ] 
6372.67 -> [ 6372.67, 6372.49, ] 
6580.4 -> [ 6580.4, 6523.05, ] 
-----
5462.89 -> [ 5462.89, 5387.52, 4044.2, ] 
6419.29 -> [ 6359.45, 6419.29, 6040.61, ] 
7184.87 -> [ 6794.61, 7184.87, 7184.76, ] 
6552.47 -> [ 6481.04, 6552.47, 6480.92, ] 
6070.61 -> [ 4485.94, 4488.9, 6070.61, ] 
-----
7027.72 -> [ 6834.09, 6103.42, 7027.72, 6475.46, ] 
7430.47 -> [ 6880.17, 6624.12, 7303.4, 7430.47, ] 
6021.31 -> [ 4216.53, 6021.31, 5915.95, 4216.44, ] 
7376.64 -> [ 6376, 7376.54, 7376.64, 6900.16, ] 
6209.4 -> [ 3888.24, 6209.4, 5821.9, 6209.3, ] 
-----
5608.05 -> [ 5462.46, 4599.27, 4832.38, 5608.05, 2644.14, ] 
5639.95 -> [ 5639.88, 5363.9, 4855.65, 5639.95, 2591.32, ] 
5892.61 -> [ 5892.61, 5719.97, 5681.11, 5513.56, 2865.03, ] 
5783.95 -> [ 5783.95, 5407.28, 4485.6, 5531.6, 2588.65, ] 
5085.92 -> [ 4971.59, 4310.31, 2985.82, 5085.92, 2853.68, ] 
-----
4416.75 -> [ 4079.54, 4416.75, 3889.12, 2556.29, 3431.32, 3431.32, ] 
5285.13 -> [ 5285.13, 5027.73, 5170.74, 5027.83, 3755.42, 3755.36, ] 
4415.08 -> [ 3452.49, 3960.06, 4415.08, 3917.72, 3511.83, 3452.49, ] 
4858.87 -> [ 4858.87, 4482.64, 4689.52, 4689.58, 3511.17, 2487.55, ] 
4789.38 -> [ 4714.86, 4789.38, 3724.59, 4223.99, 3405.17, 3405.17, ] 
-----
4376.72 -> [ 3593.82, 3806, 3593.77, 4376.72, 4196.12, 4196.18, 4059.54, ] 
4369.13 -> [ 4369.13, 3416.3, 4013.68, 4369.12, 2935.41, 3895.02, 3895.02, ] 
4962.99 -> [ 4920.98, 4280.48, 4045.34, 3751.74, 3691.07, 4962.99, 4172.64, ] 
4211.06 -> [ 4211.06, 2640.13, 3795.37, 4211.01, 3310.49, 3843.53, 3843.46, ] 
4513.14 -> [ 3869.92, 3869.93, 4020.58, 4513.14, 4354.94, 4123.41, 4239.16, ] 
-----
4774.05 -> [ 4770.24, 3921.16, 4634.18, 3921.16, 4033.26, 4576.36, 4175.48, 4774.05, ] 
4539.57 -> [ 4539.57, 4523.47, 4464.82, 4527.71, 3474.62, 4436.44, 4324.19, 3474.57, ] 
4225.93 -> [ 4225.88, 3589.78, 4225.93, 3496.39, 3496.39, 4154.51, 3631.1, 4154.55, ] 
4337.71 -> [ 4337.66, 4221.04, 4337.71, 4139.49, 4107.69, 3918, 4263.52, 4107.69, ] 
4357.66 -> [ 4283.07, 3876.09, 3714.84, 4283.11, 3882.05, 3881.52, 4338.23, 4357.66, ] 

Bad:

5567.73 -> [ 5532.45, 5567.73, ] 
5826.53 -> [ 5619.32, 5826.53, ] 
5823.87 -> [ 5400.41, 5823.87, ] 
5703.5 -> [ 5703.5, 5471.15, ] 
5732.98 -> [ 5732.98, 5681.65, ] 
-----
5393.28 -> [ 4416.58, 4281.53, 5393.28, ] 
6618.5 -> [ 6206.21, 5808.13, 6618.5, ] 
6797.94 -> [ 6797.94, 6265.14, 6542.48, ] 
6432.66 -> [ 5894.44, 6121.36, 6432.66, ] 
6718.43 -> [ 6718.43, 6305.72, 6644.77, ] 
-----
5439.75 -> [ 5312.71, 4011.86, 3906.96, 5439.75, ] 
7035.65 -> [ 6921.53, 7035.65, 5968.08, 7017.96, ] 
5319.09 -> [ 3849.95, 5319.09, 5152.31, 3997.35, ] 
7018.02 -> [ 5447.38, 6783.31, 7018.02, 6803.84, ] 
6841.86 -> [ 6027.25, 6841.86, 6335.17, 6608.65, ] 
-----
4836.11 -> [ 4836.11, 4283.96, 2841.78, 4426.99, 2537.46, ] 
5763.59 -> [ 5010.21, 5365.89, 5763.59, 5576.4, 2687.26, ] 
5697.41 -> [ 4839.69, 5238.81, 5431.71, 5697.41, 2724.07, ] 
4866.61 -> [ 4866.61, 2878.75, 4694.55, 4267.21, 2542.55, ] 
5635.31 -> [ 5573.66, 5635.31, 5369.06, 4275.69, 2666.49, ] 
-----
4116.91 -> [ 3565.93, 4116.91, 3489.76, 3763.99, 3198.69, 2848.78, ] 
3778.31 -> [ 3563.54, 3778.31, 3687.8, 3654.25, 3292.64, 3286.29, ] 
4077.15 -> [ 4077.15, 4055.68, 3883.25, 2793.5, 3080.19, 2614.18, ] 
4339.05 -> [ 4292.01, 4339.05, 3947.84, 3846.67, 3466.02, 3471.99, ] 
4701.97 -> [ 4535.19, 4701.97, 4500.53, 3650.66, 2698.48, 2700.2, ] 
-----
4189.74 -> [ 4184.71, 3689.04, 3687.52, 4189.74, 3546.59, 3732.13, 3739.14, ] 
4221.09 -> [ 4221.09, 4115.76, 3688.75, 3914.98, 2474.82, 3539.7, 3142.46, ] 
4197.89 -> [ 4197.89, 4170.19, 3577.49, 3390.62, 3845.56, 3359.59, 3843.18, ] 
4362.68 -> [ 4362.68, 4359.21, 3676.1, 3976.35, 3938.38, 3918.36, 3324.43, ] 
3670.72 -> [ 3298.23, 3406.75, 3643.73, 2971.76, 3068.6, 3670.72, 3662.91, ] 
-----
3982.85 -> [ 3861.11, 3774.38, 3490.04, 3875.13, 3140.14, 3520.9, 3982.85, 3962.25, ] 
3927.76 -> [ 3927.76, 3273.94, 3884.07, 3116.78, 3319.49, 3766.93, 2201.76, 3768.76, ] 
3695.25 -> [ 3595.41, 2382.43, 3611.92, 2348.14, 3695.25, 3306.41, 3411.66, 3685.41, ] 
3711.08 -> [ 3647.84, 2376.92, 3654.87, 2350.85, 3169.56, 3697.94, 3491.97, 3711.08, ] 
3665.78 -> [ 3033.76, 3345.6, 3043.23, 2343.45, 3130.5, 3663.77, 3292.63, 3665.78, ] 

Good:

1172.27 -> [ 1170.7, 1172.27, ] 
1283.7 -> [ 1281.56, 1283.7, ] 
1108.83 -> [ 1108.78, 1108.83, ] 
1135.89 -> [ 1135.6, 1135.89, ] 
1222.15 -> [ 1219.24, 1222.15, ] 
-----
1209.79 -> [ 1209.77, 1209.77, 1209.79, ] 
1252.27 -> [ 1252.23, 1252.24, 1252.27, ] 
1206 -> [ 1205.95, 1205.97, 1206, ] 
1303.02 -> [ 1284.67, 1303.02, 1284.7, ] 
1190.18 -> [ 1190.15, 1190.15, 1190.18, ] 
-----
877.035 -> [ 877.004, 877.016, 877.008, 877.035, ] 
867.626 -> [ 867.582, 867.569, 867.575, 867.626, ] 
873.159 -> [ 873.137, 873.135, 873.15, 873.159, ] 
979.75 -> [ 979.735, 979.733, 979.745, 979.75, ] 
873.069 -> [ 873.032, 873.038, 873.031, 873.069, ] 
-----
1483.11 -> [ 1483.11, 1483.11, 1184.69, 1184.7, 1184.73, ] 
1483.67 -> [ 1483.67, 1183.9, 1183.9, 1483.66, 1183.93, ] 
1486.75 -> [ 1486.75, 1180.28, 1180.28, 1486.75, 1180.32, ] 
1533.66 -> [ 1533.66, 1172.76, 1172.76, 1533.66, 1172.81, ] 
1496.5 -> [ 1496.5, 1496.5, 1178.91, 1178.92, 1178.96, ] 
-----
1588.1 -> [ 1579.71, 1588.09, 1579.71, 1188.77, 1588.1, 1188.8, ] 
1602.99 -> [ 1581.65, 1185.09, 1602.99, 1185.06, 1602.99, 1185.07, ] 
1591.51 -> [ 1591.51, 1174.56, 1588.8, 1174.56, 1588.8, 1591.51, ] 
1548.09 -> [ 1548.01, 1185.51, 1548.09, 1548.01, 1185.51, 1548.08, ] 
1624.94 -> [ 1611.89, 1624.93, 1611.89, 1168.55, 1624.94, 1168.56, ] 
-----
815.199 -> [ 815.178, 815.055, 815.143, 815.14, 815.16, 815.172, 815.199, ] 
1426.8 -> [ 1426.75, 1426.78, 1426.8, 1426.75, 1426.78, 1426.8, 1214.86, ] 
1391.4 -> [ 1391.3, 1391.3, 1391.35, 1344.85, 1391.33, 1391.37, 1391.4, ] 
1042.72 -> [ 1042.7, 957.763, 1042.72, 1042.71, 1042.72, 1042.71, 1042.7, ] 
795.632 -> [ 795.632, 795.632, 795.593, 795.592, 795.612, 795.612, 795.581, ] 
-----
2188.46 -> [ 2188.46, 2147.69, 2179.87, 2147.69, 2182.8, 2147.69, 2147.68, 2182.86, ] 
1638.02 -> [ 1564.7, 1564.7, 1564.69, 1564.69, 1635.85, 1564.7, 1638.02, 1564.7, ] 
1125.67 -> [ 1125.67, 1115.05, 1122.11, 1115.05, 1115.05, 1115.06, 1115.05, 1115.05, ] 
1782.05 -> [ 1778.42, 1778.38, 1778.35, 1778.38, 1778.42, 1782.05, 1778.43, 1781.51, ] 
1249.69 -> [ 1249.69, 1247.16, 1247.18, 1247.16, 1247.16, 1247.16, 1247.15, 1247.16, ] 

Best:

989.875 -> [ 919.118, 989.875, ] 
947.825 -> [ 936.888, 947.825, ] 
962.927 -> [ 956.774, 962.927, ] 
952.951 -> [ 938.764, 952.951, ] 
1014.58 -> [ 1014.58, 936.704, ] 
-----
728.499 -> [ 721.54, 728.499, 722.764, ] 
733.951 -> [ 733.951, 721.927, 733.829, ] 
721.044 -> [ 716.378, 718.938, 721.044, ] 
723.785 -> [ 722.434, 721.084, 723.785, ] 
728.923 -> [ 724.367, 728.923, 725.66, ] 
-----
670.219 -> [ 668.269, 670.219, 662.802, 656, ] 
671.373 -> [ 668.744, 670.28, 671.373, 665.652, ] 
674.959 -> [ 671.246, 674.959, 673.887, 661.051, ] 
665.956 -> [ 665.305, 664.419, 665.956, 662.331, ] 
672.884 -> [ 672.884, 664.195, 667.207, 658.137, ] 
-----
735.749 -> [ 735.749, 590.28, 596.43, 733.721, 611.133, ] 
735.22 -> [ 728.738, 596.791, 610.742, 591.475, 735.22, ] 
762.804 -> [ 762.804, 759.26, 600.892, 595.288, 593.804, ] 
733.792 -> [ 726.782, 599.295, 733.792, 601.551, 601.75, ] 
733.67 -> [ 590.364, 726.999, 593.103, 590.933, 733.67, ] 
-----
715.84 -> [ 675.853, 680.281, 567.567, 568.79, 715.84, 714.48, ] 
713.101 -> [ 677.598, 712.481, 562.622, 713.101, 598.406, 681.622, ] 
717.497 -> [ 717.497, 568.261, 716.841, 575.396, 689.036, 685.753, ] 
715.956 -> [ 686.002, 682.251, 715.956, 563.981, 715.049, 564.817, ] 
717.197 -> [ 685.661, 689.025, 574.857, 570.415, 716.381, 717.197, ] 
-----
696.74 -> [ 674.355, 679.262, 696.196, 537.623, 696.525, 696.407, 696.74, ] 
697.276 -> [ 695.044, 696.912, 537.83, 697.276, 680.132, 696.461, 676.077, ] 
697.83 -> [ 695.897, 697.803, 697.585, 681.684, 697.83, 676.92, 536.912, ] 
697.169 -> [ 675.71, 697.085, 697.169, 678.373, 696.339, 695.886, 536.877, ] 
698.604 -> [ 695.718, 696.949, 538.11, 696.801, 681.808, 698.604, 675.507, ] 
-----
735.013 -> [ 728.279, 729.341, 730.25, 731.137, 727.642, 730.107, 731.764, 735.013, ] 
734.654 -> [ 725.514, 729.961, 730.067, 729.076, 734.654, 731.221, 728.411, 732.616, ] 
733.951 -> [ 733.951, 728.635, 732.621, 729.499, 732.864, 730.889, 727.899, 728.632, ] 
735.141 -> [ 730.503, 725.351, 735.141, 728.798, 729.979, 726.008, 728.835, 731.121, ] 
734.831 -> [ 724.813, 729.147, 732.935, 726.892, 729.794, 734.831, 727.685, 728.971, ] 
